(binEnv) dd-20-28-232@sc-gpu1:~/binNnApprox$ python ga.py 
=======================================================
n_gen |  n_eval |  n_nds  |     eps      |  indicator  
=======================================================
    1 |      40 |       6 |            - |            -
    2 |      80 |       8 |  0.058920521 |        ideal
    3 |     120 |      10 |  0.034583601 |        ideal
    4 |     160 |      10 |  0.025400506 |            f
    5 |     200 |      11 |  0.030770322 |            f
    6 |     240 |       7 |  0.045137896 |        ideal
    7 |     280 |       8 |  0.012399214 |            f
    8 |     320 |      11 |  0.084606144 |            f
    9 |     360 |      11 |  0.012523490 |            f
   10 |     400 |      12 |  0.009433962 |        ideal
   11 |     440 |      13 |  0.005639235 |            f
   12 |     480 |      15 |  0.030054385 |            f
   13 |     520 |      17 |  0.010357839 |            f
   14 |     560 |      20 |  0.009290964 |            f
   15 |     600 |      21 |  0.009893069 |        ideal
   16 |     640 |      22 |  0.002893570 |        ideal
   17 |     680 |      22 |  0.000474228 |            f
   18 |     720 |      24 |  0.002005897 |            f
   19 |     760 |      26 |  0.002179369 |            f
   20 |     800 |      25 |  0.004959163 |            f
Best solution found: [[ 9 34 20 13 20]
 [15 31  8 23  6]
 [ 9 34 23 13 21]
 [ 9 23 28 32 20]
 [ 9 34 20  4 20]
 [20 26 13  1 15]
 [ 0 16  5 21 20]
 [ 4 16  5 21 20]
 [11 25 20  4 20]
 [ 7 10 10 24  6]
 [ 5 27 21  4 20]
 [ 1 27  9 15 20]
 [ 9 16 24  4 20]
 [ 1 27 20  4 28]
 [ 7 10  9 24  6]
 [ 1 27 34 29 15]
 [ 7 10  6  6  6]
 [13 27  9 25 17]
 [ 7 10 10 25 15]
 [ 5 27 23  5 20]
 [ 1 27 20  5 28]
 [ 7 31 25 25 17]
 [ 5 27 21 24 20]
 [ 0 27 25  5 20]
 [ 9 27 28 30 20]]
Function value:
['6903.66', '59.00']
['2861.16', '10.80']
['8128.13', '66.20']
['7701.49', '65.20']
['6760.33', '57.60']
['7278.43', '63.00']
['8632.27', '71.60']
['8587.67', '71.00']
['4106.12', '14.40']
['2622.54', '10.20']
['6628.00', '55.00']
['5196.90', '23.20']
['8189.28', '68.60']
['5773.75', '39.80']
['3241.86', '11.40']
['5667.58', '33.00']
['560.22', '8.00']
['4803.80', '14.60']
['1895.65', '8.20']
['6521.83', '53.80']
['5752.52', '38.00']
['1982.15', '9.60']
['6665.16', '55.40']
['5435.82', '30.80']
['5810.32', '49.00']
